393
623
498
598
551
376
503
384
640
482
538
434
663
509
544
477
692
461
506
513
394
539
691
371
627
484
696
468
490
594
552
615
596
577
424
450
609
579
543
466
686
536
716
379
567
601
517
398
487
710
420
432
452
481
522
456
591
578
401
674
400
406
586
505
726
665
704
719
442
581
465
473
453
632
403
369
392
435
414
529
573
611
693
652
378
724
368
439
387
600
404
642
720
698
660
605
523
554
655
668
516
645
718
519
395
685
703
568
651
391
508
589
672
626
446
683
566
405
396
576
444
438
590
417
499
583
582
534
454
570
440
633
641
727
670
677
597
569
423
662
475
684
491
486
587
629
462
678
708
413
470
502
526
617
667
370
399
472
504
480
717
415
650
449
512
448
620
474
607
682
382
631
409
460
496
548
622
518
425
488
637
469
458
654
547
721
602
649
694
408
661
422
572
681
701
618
494
702
373
410
377
542
671
375
556
479
592
557
464
705
658
588
537
489
437
712
530
630
616
714
492
723
679
411
520
546
493
625
562
407
612
429
690
697
700
418
722
412
706
639
451
635
580
476
571
687
657
528
483
699
500
463
644
555
595
367
471
533
380
574
430
647
669
365
535
383
514
561
388
441
478
559
419
564
624
433
485
560
785
610
732
621
599
565
467
790
638
653
541
531
558
752
759
643
688
747
778
666
777
742
736
455
459
756
771
713
739
794
725
501
755
776
545
563
787
689
613
532
673
402
789
760
798
426
549
575
741
729
416
788
606
757
749
744
604
766
770
768
457
795
780
510
791
603
763
634
428
676
733
497
753
593
584
709
796
737
648
773
728
758
427
775
786
515
779
772
521
585
781
735
738
445
524
765
443
748
675
495
656
754
619
792
745
525
1034
1294
1112
895
1286
1119
1149
1323
1071
913
1480
1574
861
1126
959
1014
1469
1250
1205
1199
817
837
1093
1545
1216
1577
1218
1229
1392
1244
1482
1257
1282
1372
1204
967
1423
1297
1332
806
1078
1018
1588
1260
1421
1222
1340
1161
1377
803
852
1281
1494
1189
1258
1030
1374
969
1516
1248
883
1561
1271
1251
1536
1477
813
847
898
939
1147
1045
1585
918
1548
801
1101
1165
1232
892
1005
1481
1464
1472
1447
1109
1492
1140
1418
1031
1269
820
1226
1446
807
908
1333
1154
1049
1322
1441
1502
1457
1455
1245
1559
1155
1268
981
1179
1566
1515
848
1440
1136
1276
897
881
980
1591
942
1451
1439
884
927
1169
1360
1163
1072
1070
1059
1082
1435
1573
885
1463
830
821
1065
858
882
1152
1410
903
887
825
1401
1267
986
1095
886
1235
1043
1409
1046
1262
1061
1144
1285
1542
1243
1497
1278
985
1180
977
1551
864
1595
1141
1428
1408
1273
1329
1412
1433
866
1400
1326
1331
997
890
1473
1442
1123
896
1524
1246
875
934
1586
925
1094
1178
1496
940
1028
1313
1097
1578
1475
1283
1430
1318
990
1438
1080
1564
1453
975
876
1224
1168
1277
1429
1197
1209
1565
1368
1592
859
1597
1414
1263
1236
1021
1334
1487
1296
1012
1471
1460
1170
1355
1349
1252
1008
1228
1025
1359
1325
953
963
1350
867
1554
1006
838
1001
1555
1427
1391
1090
868
1468
1353
1047
1337
1384
1288
1302
1029
1089
823
1100
833
1225
844
1396
1227
979
849
1369
1321
989
1113
907
982
1380
1399
1242
1499
1264
1142
840
1221
1579
818
1185
1549
1042
1121
1598
1420
973
1523
1510
923
1511
834
1364
822
1287
1581
1166
945
816
1486
804
1058
1196
1124
1272
1556
1407
1378
1076
1315
1303
1052
1111
1390
1584
1066
846
919
1172
1558
1237
1411
1120
888
1017
1543
1265
976
1145
1540
1259
1547
993
972
1541
1048
1546
1051
1077
1330
872
1015
853
1103
1129
1284
998
812
1519
1068
1220
988
926
1311
1151
1143
1038
805
857
1517
1184
860
1416
1016
1379
994
1102
978
931
1426
1580
1175
1105
1312
856
835
1106
1483
1528
1534
1079
1091
1125
1550
1608
1188
1629
1662
1210
1680
1130
1651
1208
1398
1495
1665
905
948
1041
1156
992
1506
1324
1431
1478
1393
1336
1513
1668
1531
1572
1648
1115
1327
1133
1419
1249
1383
1512
1422
957
1642
1601
1381
1361
1219
914
1599
1338
1074
1617
1351
1385
1230
1181
1173
1314
1207
1092
1212
1627
1413
1363
1604
1231
1640
937
1157
1467
1590
1081
1623
1027
1367
1191
995
1403
1073
1394
1474
1514
930
1280
916
1299
947
1500
1507
1535
1677
917
1371
1560
1098
1634
1099
944
1171
1415
1626
1007
1444
1679
1183
1605
1527
1345
1137
1026
1275
1036
1131
1537
1365
1576
1663
1575
951
1211
1485
1387
1053
1594
1621
1657
1589
1461
1673
1201
966
1182
1198
1291
1240
1672
1452
1671
1622
1117
1138
1366
1405
1122
1192
1035
1609
1055
1488
1057
1425
1255
1158
1110
1037
1148
1636
949
1344
1683
1009
909
1342
1356
1553
1684
1194
1002
1641
1234
1459
1465
901
952
1638
1600
1625
1612
910
1644
1096
1639
1024
1448
2255
2105
2511
1895
2392
2156
2826
1702
1972
2157
1792
2082
2188
2900
2952
2686
2757
2258
1937
2553
1856
2469
2901
2170
2955
1840
2616
2476
2076
2408
2998
1817
2419
1874
2335
1837
2966
2281
2063
2443
2490
2343
1782
2372
1757